 -0.4967165156606652 -0.7788428503312648 0
 -0.4545206157980137 -0.7836596694779701 0
 0.3795355693393474 -0.8993834009025954 1
 -0.2249544617132173 -0.723069334980248 0
 -0.9633298807901796 -0.5483954517795151 0
 -0.5748339034454799 -0.9386355426817217 0
 0.7899787760830341 0.7074487476931952 0
 0.7597287881024173 0.5641472099250731 0
 0.47962931165934397 -0.45452520400854857 1
 -0.5347984876788108 -0.4071463954703649 0
 -0.36969073734603075 0.7124925204635528 1
 -0.05353053182811518 0.5486926325594517 1
 -0.9671923392998671 0.31489901139168164 1
 -0.17362116956064266 -0.9144612595454356 1
 -0.5634395482885173 0.8273657324453803 1
 0.47180207873705005 -0.5507529302119498 1
 -0.79961125442278 -0.3145950326553104 0
 0.558493204828187 0.19165070042857102 0
 0.4693622448637558 9.393816456049198E-4 0
 -0.5610460901430849 0.9087138900245637 1
 0.7289224450782463 -0.3236736905919153 1
 0.3919847639656777 -0.3301044869992613 1
 0.4331049658837549 -0.008883499416302953 0
 0.7095494776166353 -0.11414642220049998 1
 -0.1880985066377161 0.5971549200219541 1
 0.016031992828733133 0.5042001172837096 0
 0.9335066789765116 0.7814603823669022 0
 0.21692100395251068 0.6280945927407582 0
 0.6303975437844005 0.842647464496671 0
 0.038407787788529824 0.9200411704308944 1
 -0.006103976810687417 0.47548338454791805 0
 0.24633807397438123 -0.5166665860927331 1
 0.8000691984572033 -0.8305000367793256 1
 0.32241062171332735 -0.693830556970984 1
 0.45052366518126274 0.8014096076278934 0
 -0.3725313713592091 -0.1914638333190517 0
 0.7948548859736972 0.8374017088219559 0
 -0.10381640819300775 0.5495421884353908 1
 0.5472145561472632 -0.13977611174914073 1
 -0.7156161842792552 0.732954683907699 1
 -0.08233747650795076 -0.5027180593698743 0
 -0.8702666745006244 -0.20872426947168576 1
 -0.45032675425332025 0.2498187797258975 1
 -0.9115804129456784 0.03376938359149495 1
 -0.11163113949224224 -0.7904387044726311 1
 0.3749620980621011 0.11143168408007464 0
 -0.3002446223950992 -0.8019464158502698 1
 0.4592068646913874 -0.11802882591762365 1
 -0.38055912735250685 -0.5247795210403159 0
 -0.23597550348402097 -0.8495520653661288 1
 0.33001727651135027 -0.16246380020479845 0
 -0.3408165529572622 0.7162952608007445 1
 -0.7505081207073125 0.6624989947605824 1
 -0.6386775545604058 0.17502822422783804 1
 0.458856289946161 -0.7450583754790856 1
 -0.7731002094526991 -0.9969806812415385 0
 0.005084470245081851 -0.2879637565518074 0
 -0.6355501154582011 -0.4036980384142328 0
 0.6865547328322255 -0.5523212717663142 1
 -0.5055690113764633 -0.8605618252377103 0
 0.9610931387597235 0.503267514723559 0
 0.5494004218693469 -0.5519329250623906 1
 -0.28746063201206806 -0.17928147578852704 0
 0.6342081115887881 0.25882783608919113 0
 0.2699389892796846 -0.23511283107008163 1
 -0.34464977891213167 -0.16707153513749629 0
 -0.7058306543168882 0.3563956864288822 1
 0.1805806779717587 -0.8052884689403375 1
 0.9300091042736114 -0.08780791545629074 1
 0.9043283291203366 0.8441442345674814 0
 -0.032634943685854845 -0.9100034424059211 1
 -0.528576713208581 -0.6377604894861346 0
 -0.3364272850070462 0.6941169959048439 1
 -0.6489124778549065 -0.02900725326708553 1
 0.34939000003688325 0.023945558951978585 0
 0.9550984345472548 -0.18550381541244776 1
 -0.025492807316334964 0.03277514098370471 0
 0.2584875037085512 -0.5045274795749182 1
 -0.6559012318767299 0.11340278462654352 1
 0.8080885017906791 -0.7684541181434434 1
 0.9561460497726995 0.9383161265144568 0
 -0.8062963031325874 0.8881474956662812 1
 -0.9300367452185188 0.4560853323069962 1
 -0.19139084346006086 0.10003096915961973 0
 -0.08043855397654354 -0.11808641907404893 0
 0.04057327040043024 -0.28904941186630606 0
 0.8311896726648191 -0.6808754876991605 1
 -0.08848354094624034 0.8411338724880595 1
 -0.5874061488834985 0.5096953815683223 1
 0.6233918049173224 -0.9652422811492789 1
 0.9522388633382148 -0.8642280513055025 1
 0.4698210030108265 0.14471600709516075 0
 -0.30005886486771294 -0.9195714054671227 1
 0.13747228360834773 -0.1204556080241892 0
 -0.20393750917126519 0.10476681895258944 0
 0.5481201408139693 0.26744573835907404 0
 0.27461990230498157 0.5097719284645426 0
 -0.9182203504506166 -0.3150614596278998 1
 -0.21363255438382844 -0.47482345465792175 0
 0.2732624178276919 0.5527284262555883 0
 0.4711113544252894 0.4039079151702707 0
 0.8889525994048488 0.31898071368508907 1
 0.7542212409052107 0.49952352723901305 0
 0.6675556655992598 0.9302505706664377 0
 -0.2494959328723032 0.9653677525331283 1
 0.9480260789607369 -0.36709483530110365 1
 -0.57068943537752 0.13801107707029248 1
 -0.09016859634296348 -0.3470494409634606 0
 0.7279466359922779 -0.8461393499935703 1
 -0.7848339837803573 -0.9302462121331714 0
 0.39616584348578066 -0.10334032626678491 0
 0.46967823673265996 0.029229061785948085 0
 0.5127219647488872 -0.015079164284938162 1
 -0.8922704064227187 0.33463549721133146 1
 0.3356637590713871 -0.8178324245862512 1
 0.06015706091351647 -0.5917893021785858 1
 0.4312567038568409 0.34918446776971646 0
 -0.1230369730539429 0.6344439958668546 1
 -0.12787887643032114 -0.14369290063861517 0
 -0.14569026260801143 0.17587044768700344 0
 0.7033770902072649 -0.7648913597543066 1
 0.15464960200221278 0.49484531746664495 0
 -0.15370843658332545 -0.22733023882468206 0
 -0.08922566956000666 -0.9801636974117836 1
 -0.8578750504590413 0.7379455459958624 1
 0.8690203377534731 0.6623492688387316 0
 -0.6654216560140782 -0.021427658880959655 1
 0.2538195964554102 -0.779318239060484 1
 -0.5525546641536339 0.7377840016506032 1
 0.22524004250487106 -0.9007242779215556 1
 -0.765224635326399 0.7149370551169316 1
 0.5531104945055692 -0.7724803244291403 1
 -0.8359408628031701 0.6294707264220614 1
 -0.05421926991167858 -0.4205709639034614 0
 -0.2613508341770183 -0.1530429216139395 0
 -0.15148213284960566 -0.7242897563207156 1
 -0.12616768399318357 -0.012776047405431479 0
 0.4659956531719487 -0.10770664124922358 1
 0.5116737831059845 -0.14163849167237985 1
 0.2652846133133404 0.3044962668877076 0
 0.6929550684628025 0.5467522510568816 0
 -0.7197944510142977 0.16356034622417415 1
 0.9002321401741844 0.04209091032308243 1
 -0.8351393771857973 -0.06762276329938888 1
 0.6442428244282543 0.3876904196011941 0
 -0.8663894222033155 0.29980298953092177 1
 -0.01340485535524838 -0.9798032268997299 1
 0.6767192860702613 0.7480353578176151 0
 -0.02512788074135508 -0.30083472735891004 0
 -0.7446604356281106 0.06510692090041315 1
 0.8119918057046327 -0.7742230439124109 1
 0.05646807209725746 0.674625705344537 1
 0.989863094913171 0.011304029439580088 1
 -0.6720503199649352 -0.20252742300399373 0
 -0.4119171353981803 -0.5202401853283125 0
 0.815565138950471 -0.3347567143637644 1
 -0.5283780848811439 -0.7245025906575073 0
 0.38868857788674904 0.2728003516781712 0
 -0.7828499804893725 0.2953495775151058 1
 -0.9320447405010566 -0.5126206690787132 0
 0.25585522450272835 -0.3237699135951224 1
 -0.6421679259092827 0.7242709082745931 1
 0.9413133701502792 -0.9570549192961049 1
 0.03893727999285934 -0.1458208346908838 0
 -0.9658310321277173 -0.4427088367513441 1
 0.3894091344761388 0.5249340506655853 0
 0.44109013221919624 0.6083449246200867 0
 0.1815750383114525 0.6603146726842093 0
 0.9536645787284281 -0.6548230559898534 1
 0.7396274232714608 0.5413175929904817 0
 -0.796393900365117 -0.3229488863944898 0
 0.8459651067408687 0.5802830931404188 0
 -0.916155668349514 -0.14750140829010228 1
 -0.6516888118795212 0.6658695825798833 1
 0.4807734261824419 -0.7225161878218338 1
 -0.05332646051090695 0.7869455509890186 1
 0.3211392401664712 -0.15579273717216457 0
 0.8286646636908024 0.5360458076577421 0
 -0.3422536017232938 0.7159197696059696 1
 0.5736536635840201 -0.9518830931169293 1
 0.80137116063777 0.2494488126778398 1
 0.060672931937950425 0.9478554526798442 1
 -0.6480318703089047 0.5359670316979097 1
 -0.008041640039517128 -0.040979886425660306 0
 -0.6095378291529361 0.9018613945216629 1
 -0.916546921391423 -0.02832273501365612 1
 0.06312066952204387 0.6353879402744784 1
 0.9755582326323848 -0.4315826019977813 1
 0.3237033755569285 0.19112746487100551 0
 0.4818681353890275 0.2781585740942718 0
 -0.3057091567054986 0.17308350111341086 0
 -0.07942081273844215 -0.8437697279608325 1
 0.5638958351989309 0.5085934434118664 0
 -0.03728396366488629 0.6820099594413447 1
 -0.23533569642380736 0.3990514635592948 1
 0.68327107033923 -0.5795380090068523 1
 -0.05132373830102632 0.8697692701568789 1
 -0.6841936686909482 -0.5884920771918427 0
 0.6340606315467769 0.04013034322690645 1
 -0.41197933322569313 0.8312335532207276 1
 0.6973393878371612 0.5965199608703318 0
 -0.5447627424115209 -0.8884819516942957 0
 0.5596217125698573 -0.625657896484139 1
 -0.4492793077968069 0.4097470238641121 1
 -0.6525297945090929 0.4417626699702999 1
 -0.2638148773880489 0.08785108066111169 0
 -0.09503441353595532 -0.3733539001045385 0
 -0.23719184767884038 -0.31001223219591223 0
 0.6916982324792935 0.03948063179567307 1
 0.24251938878737866 0.8007646580082721 1
 0.3221192919220526 0.818916481136694 0
 -0.11871621994420933 -0.8790215043263665 1
 -0.21511375660181686 -0.9371327638772253 1
 0.24055504079877554 -0.8845770339965116 1
 -0.7734583310223502 -0.2930440654276829 0
 0.17002572916742142 0.6673977958089468 0
 0.5920661457047356 -0.02658778023303343 1
 0.4942552836110694 0.317126945164689 0
 0.38555045853330916 -0.06264219435078067 0
 -0.4622906009901264 0.86637514701181 1
 0.3474345705512789 0.7437432450550898 0
 -0.36280287981617465 0.3991273033531624 1
 -0.05953570968064659 -0.9429703572332362 1
 -0.08235335645779651 -0.9017247510871829 1
 -0.8052799897389984 0.4370342956611779 1
 -0.70338829029578 -0.3691665131629871 0
 -0.3172262954176608 -0.4918099066428321 0
 -0.06514413320425794 0.32928433536163615 0
 -0.820764572048917 -0.9742057052982596 0
 -0.8351871548883378 -0.08576974909232216 1
 -0.09534759017891226 -0.7583479021064901 1
 -0.6943234291884741 0.08361030925603252 1
 -0.8380731848099401 -0.667152102876305 0
 -0.28667459397908734 -0.06368526983103373 0
 0.6441224301297859 0.08120473991508059 1
 -0.0847599778348267 -0.09688981620030868 0
 0.7257324725612333 -0.5226783920384932 1
 0.7450264552638441 0.6253669458709861 0
 0.6451847766002408 0.47190605800574326 0
 0.01810908155365909 0.05215626626921366 0
 0.6445633251061433 0.7084465675490035 0
 0.47961183353449655 -0.081134765201897 1
 -0.14677182124437893 -0.2549003304466584 0
 0.5073991456831077 0.7255543755652261 0
 -0.014781325009115998 0.009991885419324609 0
 0.3677000113867346 0.3508602970425203 0
 -0.2339707460963727 -0.46703241326837985 0
 0.6976936184610902 -0.4826736508081526 1
 0.4125483143168942 -0.6418601211203676 1
 -0.6711134849948404 -0.5333809359494366 0
 0.46065547318969213 0.4654311655618679 0
 -0.43293480981971655 -0.5918308078337049 0
 0.7681747000644223 0.015616636058046973 1
 -0.3909391808909659 -0.4276476922093313 0
 -0.38341583187229955 0.7822140437107048 1
 0.9035163565981463 0.02940346622958301 1
 -0.506913006741188 0.7448894531245305 1
 0.9522985316715495 -0.1721628522733154 1
 -0.6446501844426595 -0.007122199112832073 1
 -0.6988484556157639 -0.5387765046224886 0
 0.9644196659700028 -0.6767553302086917 1
 0.28264131515716384 0.1897479741141297 0
 -0.7829677661420313 -0.7823555193824205 0
 0.45139285922950245 0.3230619413794158 0
 0.31672826799693987 -0.7574425323042857 1
 0.5910768176163708 -0.7864924149470578 1
 0.09389785386229166 0.34181722880199095 0
 -0.32544744675391457 0.4138807739609134 1
 -0.18192528587942247 -0.023433127351014216 0
 -0.7769684797233727 0.22147156407605562 1
 0.4415072188403908 0.6166124576737932 0
 -0.8629259657631412 0.6602020386843002 1
 0.3712344900620761 -0.30153219152404187 1
 0.26168873026531814 0.8452580384340347 1
 0.5876002064451389 -0.1607846878930752 1
 0.6997550648062063 -0.3703101041401262 1
 0.21033874897748617 -0.16836657147197576 0
 0.20244407376051443 -0.5499644978715992 1
 -0.5409271726558911 -0.2551284660321169 0
 -0.15773608409117035 0.36809711000441836 1
 -0.6367367355081581 -0.6837205317138237 0
 0.6138114185599892 0.44858103756897916 0
 0.547356601690709 -0.2561721856186405 1
 0.6092629423719425 -0.18261165765136544 1
 0.9500769289818989 0.974883651421405 0
 -0.01990849314156362 -0.9870783055862999 1
 0.4325142638515116 -0.3640667621316225 1
 0.023450359888807393 -0.4271472744448239 0
 0.8878623740580458 0.8591725930838474 0
 -0.5788845327358676 0.19137140416967147 1
 -0.3136363540913012 0.4357144893710465 1
 0.9108338416527844 -0.7629820311590505 1
 0.07222132744881815 -0.03851173578752043 0
 -0.5156236041841729 -0.06122451124062267 0
 0.4749422535582164 0.940737234407715 0
 0.5835480701355169 0.12817899420597745 0
 -0.39422329790674193 0.1733471609913233 1
 -0.29513904848631944 0.06777643803184574 0
 -0.319374765711258 0.1760658814366336 0
 -0.6744714938272474 -0.3986468119502913 0
 0.1439846425921567 0.8740041687381557 1
 -0.8721063952179346 -0.371088192571418 1
 0.8642094153748372 0.34763459860791524 1
 -0.8736456993770296 0.739474836743405 1
 0.9285680926897488 -0.968166137979658 1
 0.49030627413960337 -0.2726415378729232 1
 0.8872751727962311 -0.5626577440821059 1
 -0.3914274339411732 0.6726416500033481 1
 0.5788857496868289 0.2013417220220941 0
 -0.7447546512556844 -0.7158658172155445 0
 -0.4848604612264962 -0.9273171314553481 0
 0.5938166804368536 -0.7167749981396554 1
 0.2115472094976345 0.29861770003339405 0
 -0.8040707357770662 -0.25042990075514027 1
 0.8207124133402484 -0.19627452102248855 1
 -0.7469691448934208 0.5546575530294955 1
 -0.04141169763808139 0.5380446527883691 1
 0.7236685549464474 -0.7231339746844274 1
 -0.29043126370098893 0.42025420435307703 1
 0.28611392222656895 -0.6782904284486839 1
 0.45451833189539004 0.41307406362219434 0
 0.655461028620288 -0.6364584797744566 1
 -0.6134511722922007 0.44188305716288 1
 0.07629429082649652 0.6800673323861164 1
 -0.6374484067366266 0.10388203711030575 1
 0.6164749251243857 -0.5314055034484118 1
 0.08419970854097403 -0.5860442855977606 1
 0.2645489520769333 -0.18697414839411874 0
 -0.4896635224148862 0.19471710199049275 1
 -0.22726808429004963 -0.38681909941950465 0
 -0.12663046483449292 -0.8579551119711164 1
 0.6893790939535749 0.49310789045292513 0
 -0.2945062812102859 -0.9162465790207412 1
 0.08930317701724855 -0.5273731472413627 1
 0.8762681529915168 -0.5021377086351939 1
 0.13725432668908688 -0.9835770696778074 1
 -0.19872304407932173 0.9682609869865044 1
 0.8093303215154175 0.9675867890984793 0
 0.702305590013679 0.9293923194902998 0
 -0.15096130985310752 0.8275772343726195 1
 0.0826677482553344 -0.21209402779375353 0
 -0.6508158046888284 -0.1378407256843488 1
 -0.5729782212755132 -0.6919378779051419 0
 -0.7722896597980418 -0.4070513478790596 0
 -0.456782364909174 -0.9910067284765773 1
 0.30507393587505294 0.3767733570137166 0
 0.934419252610154 -0.7542401095671392 1
 -0.3073120488475478 0.9801378638686395 1
 0.12294992890590972 -0.3675358168029188 0
 0.7664184512658889 -0.6763418341295719 1
 -0.05698817741193207 0.5145146179940232 1
 -0.8739242836538383 -0.09859091943449316 1
 0.47763340161656953 -0.6915389850597384 1
 0.631293383954368 0.7727077677764165 0
 0.5359017097534888 0.7016493502516188 0
 -0.14385985204167206 0.4789323280941662 1
 -0.650259432464148 -0.059727741288556624 1
 -0.8807343536794148 0.7555541507928749 1
 0.5151970818119558 -0.26677930863986354 1
 -0.37666945679638264 0.4896403166778751 1
 -0.8885966662964615 -0.3395306972259966 1
 -0.8230716921955896 0.01566060619892551 1
 0.4010834083382504 0.3985565980665444 0
 -0.5258438757962094 0.5475115624599709 1
 0.5496775440043233 -0.4379510945161569 1
 -0.02855233253621292 -0.6877517020105752 1
 0.39586023951167393 -0.4912941901478949 1
 -0.9717681470957531 0.781093223893256 1
 0.4644304245364985 0.06739223544885564 0
 0.16743626049529348 0.2858681897857658 0
 -0.8667433404442899 0.8216105134352412 1
 0.06380606237144582 0.2640755435051152 0
 0.14916193510916576 0.3178545088053 0
 -0.8175369784755333 -0.6065689867876953 0
 0.5333371238399647 -0.6331846626673425 1
 -0.13291831765302686 0.9567302996942149 1
 -0.6749263680013731 0.4667964901907433 1
 0.11651380187725402 0.920507790427681 1
 -0.4166888754124545 -0.6974751442454967 0
 0.29064406627980155 0.4160265151302438 0
 0.5986967471965514 -0.7411288718005762 1
 0.5507146408318295 -0.42128665845608815 1
 0.3645581110237104 -0.06217758559128228 0
 0.9663077490554715 0.03223497704635836 1
 0.01339256773992692 -0.22162255873412007 0
 -0.08936989110637295 -0.3040147550809478 0
 0.14618133242636722 -0.9471376766201081 1
 -0.3823053192922454 0.04983480109463012 0
 -0.23496256869699716 0.7494944926290246 1
 0.5894495552265053 0.5075709045737173 0
 -0.1345979849869079 -0.85015154682479 1
 0.9178563398373225 -0.869466063219132 1
 -0.3477954575272788 -0.7287925041832946 0
 0.5263733239631525 -0.4444650009978375 1
 -0.1848928910084262 0.7676112642016406 1
 -0.16274759386655946 0.7162169206549143 1
 0.3311555368354542 -0.630260976586623 1
 -0.5644883625828017 0.7046000997386683 1
 -0.14113722333262801 -0.5074040071574462 0
 -0.07260191720117981 0.9496313133367942 1
 -0.05404580898836109 -0.7487026245479076 1
 -0.6193909099113493 -0.21786731075355692 0
 -0.006293782814033921 -0.20092530504980832 0
 -0.5145066109764176 -0.5893736201254409 0
 0.20401441600458403 0.6379550652922732 0
 0.8909062146887425 -0.6499128570276271 1
 -0.41897165847031026 -0.648605919839377 0
 -0.9546541870461089 0.42575570283393804 1
 0.46739569195926056 0.0694694644233087 0
 0.31345185383735474 0.616720396873149 0
 0.06585966982911118 -0.0989278194256813 0
 0.13989983901630043 -0.7909432339249998 1
 0.9301577091683217 0.5538585491542809 0
 0.5971777241532918 0.9958892841108169 0
 0.5048721881268694 -0.588443780657349 1
 -0.21931476821829943 -0.40818027984341465 0
 0.45208735852000226 0.4495438949379911 0
 0.2040485338615452 0.32174396257785554 0
 -0.2765905676545999 0.5434538435349441 1
 -0.4005031995316446 0.599157696771448 1
 -0.8808898210481502 0.9618734887605611 1
 -0.6574003782168918 -0.7733713430093936 0
 -0.5781425975138896 -0.8669491532143996 0
 -0.9023819521914367 -0.368808088667004 1
 0.10069879415733185 0.13683714609471065 0
 -0.7808252811277396 -0.30999657966677696 0
 -0.9483312314734673 0.7969271139622554 1
 0.9479014422795964 0.5066628929364483 0
 -0.1254089131408016 -0.26521344849497774 0
 0.502176709137713 0.26619865993160974 0
 -0.21864692464885804 0.2954841070695784 1
 0.7950174044990588 -0.8732186360626462 1
 0.38913038957690493 -0.13302703727696374 1
 -0.3053567390443652 0.9988152537710007 1
 -0.6272550835559496 0.7881957587401272 1
 0.49918494050042117 0.017130838527195102 0
 -0.7664599025247285 0.7777144929723556 1
 0.6104603099190842 -0.47041720790180563 1
 0.28786333502222794 0.6133953921722941 0
 0.26869605739235225 -0.49456562523575 1
 0.38644562297161 -0.34499397373723073 1
 0.6495256367608904 0.40948786095126666 0
 -0.15332568197066898 -0.2745883485461573 0
 -0.37345326979517 -0.20700183961295204 0
 0.6129556357524986 0.8523838741486645 0
 0.06717541718638342 0.11998602024485949 0
 -0.2439309990811389 0.4218650925555947 1
 -0.3435131912546008 0.6776442327581396 1
 -0.9193843878144332 0.40485788594403127 1
 0.9331854656123759 0.8121087821062638 0
 0.8303704768268536 -0.5060611191302362 1
 -0.5261986796558331 0.18594523678293462 1
 0.2645457718879174 0.22172337420907207 0
 0.9756608096080142 0.27127866094510833 1
 -0.7763187530824642 -0.5675647991259887 0
 0.36613572122367777 -0.12742697058699037 0
 0.7120762317214562 -0.16093453680741265 1
 0.005124855097906389 0.11564504636450312 0
 0.9943841011940242 0.8224305406736583 0
 -0.45032231351728647 -0.9554254736830423 1
 0.7371915592848817 0.11476847536489232 1
 -0.8858783847896285 0.7357525845884638 1
 0.3221085410633038 0.559342067950739 0
 -0.013992351296551186 0.6683861969968303 1
 0.6150977200853798 -0.25115767702449476 1
 -0.6523570368142064 -0.01664430131802397 1
 -0.802524005116438 -0.9807823806776037 0
 -0.7950689821022856 0.21740112547388568 1
 -0.6527769806855099 0.011879041311002592 1
 -0.960306139312717 -0.8828097075114116 0
 0.9049353268355063 -0.18393810783366327 1
 0.578604188493675 -0.7821005383235942 1
 0.566966881777375 -0.43554816708136523 1
 -0.48869270158878986 0.01351684970718714 1
 0.11900211386315651 0.2790109883868148 0
 0.9922670127589295 -0.2488437746432175 1
 0.6565074301500284 -0.24973132831367018 1
 -0.67467766752651 0.14924595813167785 1
 0.9342135337524524 -0.7178314004665605 1
 -0.6431056022956951 0.6695382264437868 1
 0.644981690212493 -0.7541064337984213 1
 -0.20676270380411088 0.3654594124927777 1
 0.6491115195292958 -0.44008468780598053 1
 0.9090788554981666 0.7844025586399437 0
 -0.041649827005834084 -0.5501526326329462 1
 0.9294503041695314 0.9191395799545432 0
 -0.37543315719076187 0.14050430817258008 1
 0.7434577522202797 0.7836096967686286 0
 0.5912584256828861 0.4939015326198424 0
 -0.4517993667628428 -0.16908102528922386 0
 0.0367564981583679 -0.9692442122600466 1
 0.5229962952235043 0.13646292452390485 0
 0.7712082698093548 0.259376061179891 1
 -0.30147799051345836 0.03666315786760754 0
 0.8451069169871595 0.7846621238693776 0
 0.8124398102172614 -0.25611268315717917 1
 -0.31464881555186364 -0.7187445253894607 0
 0.13252181803030383 0.3506986557376637 0
 0.7955153979379974 0.08871725293623656 1
 -0.01975238506024679 -0.40833941530153384 0
 -0.6597839089892066 0.922934101820226 1
 0.002297547786576315 -0.2515004359249231 0
 -0.220837434589799 0.9967816690444475 1
 -0.885679762507626 -0.8354923196698381 0
 0.12468419108749607 0.7044042596661764 1
 0.4808035194602842 0.9766439502314574 0
 -0.6327721591480879 -0.05270387487272554 1
 0.8968338806275393 0.8788727373077894 0
 -0.8534762155350835 -0.8333011285887748 0
 0.501980386131242 -0.0021460855228117026 1
 -0.15817888900830135 -0.8043431167999666 1
 0.8834932393134396 -0.7078200694777614 1
 0.9127963925734 -0.8445981689274855 1
 -0.6845400370895005 0.2789305565786062 1
 -0.4565575564712112 -0.20543591790713434 0
 0.132515902314692 -0.653603840053264 1
 0.42444823207831517 0.9060380880468974 0
 -0.9488426762718261 -0.570602574246629 0
 0.8552826023211104 -0.24484344322063922 1
 0.6286608309203885 -0.596292007372782 1
 -0.7446016212302669 0.8141560000925692 1
 0.9890635114757491 0.1986642514375483 1
 -0.35532284863679187 -0.47825486043479404 0
 -0.5523867038076764 -0.6678745759802025 0
 -0.3135636001333608 0.2729148082202615 1
 -0.2704491855327613 0.33952374322516454 1
 -0.5179739497729741 -0.6070428336949654 0
 0.10603836553355128 0.398824788825368 0
 0.46424232970942936 -0.5390107399671153 1
 -0.04049686412167408 0.34579377895440566 0
 0.4574919027866535 0.022104620243001083 0
 0.04261652694410878 0.22904360595680995 0
 0.2558410666023174 -0.536395630822599 1
 -0.9904159203198661 0.5719177842023724 1
 0.9157886575918976 -0.3704117358837753 1
 -0.3246274864160674 0.5883393748644536 1
 -0.6311961279356879 0.6095123821513002 1
 0.8979555330464775 -0.2576644225409159 1
 0.9293739962175864 0.060150774261917395 1
 0.9806112001318719 0.24602551018661956 1
 0.8075094227794177 -0.5932754920062164 1
 0.055758400175774714 -0.6415629180887064 1
 0.8303572526569443 0.31779046740811867 1
 0.038771886880560213 -0.32240370215955916 0
 0.23577690278962193 0.9598104506795053 1
 -0.5703310023366368 -0.9890883003525577 0
 0.6214357573592444 0.7111491554294911 0
 0.4925146195386365 0.8639534783744982 0
 0.916183809738746 0.2515773609718246 1
 0.15684304948746797 0.1053056151038696 0
 0.5861721493346492 -0.757814236548416 1
 -0.6376500052094756 -0.054752392702822394 1
 0.19638059018168574 0.17194147107083158 0
 0.5075595847505063 0.008599749057801143 0
 -0.08107521003277496 0.3709489634629588 0
 -0.8348744517577027 0.9871454719989303 1
 0.6127151800984738 0.676804431144457 0
 0.2908779130353538 -0.8753796829371585 1
 0.6947439858718161 0.7892605333243867 0
 0.7806810539723501 -0.38266264426771834 1
 -0.8185208963083046 -0.04025273164878196 1
 -0.5813803622084477 -0.09390449660595679 0
 0.9995467951856938 -0.663877440775938 1
 0.011985519391018107 -0.20990416940088252 0
 0.9480888473566165 -0.9806461466675411 1
 -0.17701169853420295 -0.6888303767470128 1
 -0.4591176651308755 0.6876608620202964 1
 -0.7159321977034869 -0.5633013667872837 0
 -0.6354864192427274 -0.49502286249064964 0
 0.42313920393696924 0.7121880309802093 0
 0.5596007359347999 0.9544167969451589 0
 0.4270537083371213 -0.740471368812599 1
 0.5652630164036829 -0.7762399389363368 1
 -0.6639877289078864 -0.2354349738060837 0
 0.36273750026750085 -0.18119949253489565 1
 0.9886222259239339 -0.5723371768243279 1
 -0.8877530285982451 0.19172384359461825 1
 0.026739546528151914 -0.7564527443568938 1
 -0.7020733407263182 0.34551741024302274 1
 -0.9788067945389094 -0.5682367833070785 0
 -0.7211803669904977 0.6117362576854042 1
 0.5939408835703055 0.35668499680448895 0
 -0.5103456162857878 0.09778127511981705 1
 -0.21084144120748327 0.8560818393739722 1
 0.44332100064197766 0.6611721354356663 0
 -0.11478057450681933 0.5398241339357015 1
 -0.8423340169760289 -0.3078744272481859 1
 0.3414706417378084 -0.6746074062089038 1
 -0.33757231360532813 0.472079021117946 1
 0.6381702872227166 0.24443107850376866 0
 0.8378390014539729 -0.575373918706916 1
 0.3948988376337974 0.3846623753905256 0
 0.994625889454489 -0.8133402121193027 1
 0.34221380288752945 -0.27593686822308294 1
 -0.6741658576543368 -0.8986529046887723 0
 0.4732680792602575 0.5692739699620144 0
 -0.3558809308052373 0.47088568299882416 1
 -0.9834330239847244 -0.6722030263676335 0
 -0.33616248236539015 0.7058240048082896 1
 0.7479910274208612 -0.5763869839119833 1
 -0.5045175680311607 0.3690511874606919 1
 -0.40033507112376365 -0.6915725375561781 0
 -0.00929412061258228 0.036394006390069844 0
 0.5252070028079145 0.7258321599346471 0
 -0.8906228412699504 -0.11791583070628353 1
 -0.8546549510034056 -0.3467502867766472 1
 0.5758277791261295 -0.05381140637599735 1
 0.824839523532434 -0.3233962807444901 1
 -0.2503633475946323 -0.8475767620418744 1
 -0.4788937597087852 0.9452365047709343 1
 0.8570131015054856 0.3185988882742983 1
 0.9968854704422809 -0.6903248686400234 1
 -0.48796255097148533 0.6382751086587461 1
 0.8037561407511717 -0.23757635972037283 1
 0.8027232475450521 0.4110280107974793 0
 0.8202481945459217 -0.11796234744919021 1
 0.1250669076470332 -0.839935922380499 1
 -0.9322417478001623 0.6233161019112128 1
 -0.5810450644777716 -0.30025867173040655 0
 0.02942715653084904 -0.49847749072309266 1
 -0.5069989766363328 -0.7981132103004951 0
 0.7615919185585802 0.986126714819433 0
 -0.2789105076032061 -0.1413718626217002 0
 -0.28562384062550716 0.7496358178722513 1
 -0.4483964304442596 0.35078399706408847 1
 0.3674375302695625 0.3096609806995114 0
 -0.008979291818866919 -0.9953128147269645 1
 0.5388434345889153 0.5574458323769056 0
 -0.4932394754195262 0.256642385981509 1
 0.5394991611597895 0.6836592748004646 0
 -0.36012668015810445 -0.15695218733171923 0
 -0.7774944612110188 -0.9076660881830461 0
 -0.973638936484255 0.9955389006155819 1
 0.4162777157484736 -0.9635900080269215 1
 0.49662503323445284 -0.15565973061746274 1
 -0.7677924984385593 -0.0865776656944548 1
 0.4557383996919764 -0.7806602978881718 1
 0.30210677838070166 -0.5725545235600165 1
 0.8429441347547513 0.08722682279526794 1
 0.12762223930705652 0.15349182455689547 0
 -0.37301742387148185 0.974366623981054 1
 -0.5867366965836796 0.4331336205061327 1
 0.014555616111084246 -0.10109349095016373 0
 0.5066411544925689 -0.014799821260441659 1
 -0.6675621491197201 0.5719435153976933 1
 -0.11603366376517843 -0.8670228095864696 1
 -0.11055200198916948 0.9264062948741025 1
 -0.004191079916525453 -0.870584297373004 1
 0.03269717873933664 -0.6063649199029097 1
 0.7275757999770187 -0.29556589271477396 1
 0.0832335526472654 0.7714705014689196 1
 0.23111438349557112 0.6634769810822152 0
 0.8694062097798385 -0.9860096806330099 1
 -0.05169598375634754 -0.8659297503758998 1
 0.17197418528730002 0.821861630865212 1
 -0.7255493356579534 0.8871923223054732 1
 0.5531894114990781 -0.47639635124658697 1
 -0.5012476626015769 -0.947141890380415 0
 0.7627859579673155 -0.5881152408757331 1
 0.4110568124477456 0.5043904991899424 0
 0.19701077974653258 0.4353056628657286 0
 0.2785857226083619 -0.7965667279408002 1
 -0.2674659165357285 -0.05505206357265546 0
 0.7732529530179766 0.8778360865108557 0
 0.6652814620716705 0.05629648379065144 1
 0.8696570541237543 0.547121556359724 0
 0.45493141725274344 0.11097142898149137 0
 -0.2642176267817422 -0.3846784025616883 0
 -0.490972809183988 -0.29096613878492317 0
 0.2028946368781337 0.51854907363695 0
 -0.6636472028442941 0.8314578702586344 1
 -0.4719277762673697 0.24474851110520013 1
 -0.9425722845302158 -0.3163113233545898 1
 0.8522646034047521 -0.5643523630025127 1
 0.48067755804514234 0.0650362608029631 0
 -0.9912741723790666 -0.7639896069017709 0
 -0.26395950913126964 0.30498036255001715 1
 0.1511210264001177 -0.4271314034645748 1
 -0.1965269369613809 -0.8937079817658649 1
 0.047558970397251654 0.12749015590003188 0
 -0.8179779822545326 -0.0037953347049686226 1
 0.8262563997041599 0.905416628246493 0
 -0.5841685853648728 -0.48930450485933297 0
 0.4604923440860602 -0.9850159199949551 1
 0.22665821304244416 0.723266396810597 0
 -0.6550353209199993 0.03231709968548979 1
 -0.40182812568805293 -0.721558043747413 0
 -0.05738663145553469 0.16086513447545792 0
 -0.6844828680049133 -0.2984705600549902 0
 0.6704293796501246 -0.7138715329261855 1
 0.1843220331943518 -0.5699851485575693 1
 -0.05528089912892553 0.9812979941425084 1
 -0.5634636120323413 0.7482965183333825 1
 0.6207498601450752 -0.46288695643919153 1
 -0.32381067645325534 0.6062855398564242 1
 0.9386532326724686 0.16931818791129127 1
 0.12635708703314852 -0.836268154895512 1
 -0.4730828863702601 0.6996780254794137 1
 0.9093360180051788 -0.1740386833739016 1
 -0.9832503242306432 -0.7884115540733876 0
 -0.37478196110998074 0.5230380734676376 1
 -0.6149471643867144 0.44889959475922003 1
 0.5897702152706856 0.03319482295637499 1
 0.27069464832862256 0.05664389029651273 0
 0.7507215693688136 0.26270091682298746 0
 -0.8017765084608512 0.15494256548268615 1
 0.5222649310032377 -0.4318329066282822 1
 -0.10487912040957537 0.19243891361357224 0
 0.5607839361622344 -0.5563863189990028 1
 -0.2968582014445158 -0.4568118605721283 0
 0.8505181055601574 -0.8065434688451529 1
 -0.5387549743872988 0.891008865185581 1
 0.37608311844432274 0.5738941673036035 0
 -0.8229310024086343 0.08788189585675776 1
 0.12946581123157141 0.809006646904898 1
 0.3058621079173336 0.8780578543960811 1
 -0.7676840759700874 -0.12579391535530116 1
 0.5202291534474055 -0.3528849576715134 1
 -0.44993836547050425 0.488504925755326 1
 -0.518991351394396 0.18528622324004473 1
 0.3325769612225651 0.8683986662588599 1
 0.3090492910597613 -0.6530489631045602 1
 -0.8631661841714284 0.9699854048587 1
 -0.790392893166848 -0.556730391597202 0
 0.5701729240194424 0.6822751540609602 0
 -0.9844633496503146 0.2225102061301334 1
 0.2385337328626509 -0.7665328074317634 1
 -0.70759529417763 0.3727023551659123 1
 -0.30781709502150156 0.9333046656894741 1
 0.08810652509087458 -0.37617491971154426 0
 -0.8678125555143006 -0.7015582357570458 0
 0.4115182271223232 -0.26818239416047107 1
 0.17407927220120967 -0.40591202679434524 1
 0.08917266856134676 -0.10572154089038066 0
 -0.9391369681649722 0.8740213704144302 1
 0.7758980550092356 -0.522203338907939 1
 -0.624280011350999 0.7123916041732683 1
 0.5848128820459226 0.32943712327344965 0
 0.5254663920784763 0.9945610495153343 0
 -0.9459765797333528 0.3999801305918371 1
 0.04902561384556536 -0.6294390419961602 1
 0.9818223501013235 -0.0759064820602362 1
 0.15087781955220914 0.27356683422745687 0
 -0.9608580078721618 0.9826933670235007 1
 -0.23234630097394504 -0.2328734348299739 0
 0.007466995923250064 0.9153280700707227 1
 0.9467417463486811 -0.09129766927497585 1
 -0.007634634711721766 -0.24450152362368804 0
 0.3489821915587774 0.8034146739103949 0
 0.027249823058811184 -0.3705956979518612 0
 -0.716777382088633 0.07070701983023908 1
 -0.8910659770956393 -0.11131402028754533 1
 0.8387155282758494 0.05797544266203691 1
 0.8960022932862493 -0.359690522207573 1
 0.4020387541551709 0.8090374311767174 0
 -0.9470366030080073 -0.7081822810420855 0
 0.12842481002102413 -0.4683588999639763 1
 0.537613304573977 0.7477535846451113 0
 0.783087216372591 -0.8929549092592786 1
 0.005983936589047278 -0.02686560515157943 0
 -0.22366475468717328 -0.9539736478056655 1
 -0.0512914210999067 -0.21756164095854524 0
 0.18697202218287745 0.21950270576024478 0
 0.17458777367072398 0.9176398213113344 1
 0.10167325380901215 -0.3217164366439549 0
 0.8215924725014294 -0.2535903788288787 1
 0.6937480284296804 -0.07470836196433384 1
 -0.7975058031727527 -0.7583258331711116 0
 -0.877114640511965 0.11492568964597427 1
 0.48176539086232406 0.29630505878710967 0
 0.558193345825071 0.828063098207501 0
 -0.5676534922082093 0.8817894740577139 1
 0.41004199439044764 -0.69247123814332 1
 -0.6646715813191753 -0.9226900942029939 0
 -0.7980777076789569 0.337685173231812 1
 0.4625531413803081 0.5757387298722634 0
 0.4217382087254593 -0.6868732069711241 1
 0.5215884514306426 -0.08436676305791879 1
 0.16265194272147698 0.4652889094103536 0
 0.9444847149603273 -0.6066076119453261 1
 0.39680382704029116 0.7021117259850262 0
 -0.03382395029583285 0.37731736890175727 0
 -0.6790656439785203 0.06472507145769169 1
 0.06534058836496426 0.5753936615021586 1
 0.3711358658214261 -0.5835492844240988 1
 -0.4700117848298986 -0.2988075516209532 0
 0.22466713565572682 0.6532449340728212 0
 -0.33800359334588403 0.937365845424547 1
 -0.6100345010943593 0.4610331372574328 1
 0.44926915869721284 0.6137894476613825 0
 0.8316949256833661 -0.5557831095896992 1
 0.41114586391238506 -0.40251625163772364 1
 0.4858719539362526 0.31096013829829805 0
 0.7621410657626619 -0.9659766945142663 1
 0.4908137977365299 -0.27530801940131666 1
 0.041048741630978824 0.28522194115449295 0
 -0.5071437926122477 0.4175889891251141 1
 0.9168977061789885 0.17545929959197748 1
 0.48149233875407393 -0.789369681583642 1
 0.010198176741073706 -0.010907607574114131 0
 -0.7332135409370992 0.6961449765998706 1
 0.2573730571709909 0.05397494013638404 0
 -0.06738011068969008 -0.4873987936518014 0
 -0.40178104047385155 -0.7988164996326657 0
 -0.6174714930947967 0.3777129626260314 1
 -0.41930216845994006 -0.09137031941235496 0
 -0.5594033186664997 0.3447696174877075 1
 0.8543100399981935 -0.4836862102664321 1
 -0.12192719068425517 0.10842130517444581 0
 -0.5372439647562799 -0.4564447133797398 0
 -0.7929232726447588 0.6099807765256091 1
 0.3485435943082653 0.8436120305131813 0
 0.1159716091370373 -0.32136891531063005 0
 0.5466543120174905 0.0986792341335263 0
 -0.9833235929550057 0.9937565464697002 1
 0.1713326227822345 0.9883370322930403 1
 0.3323975339638341 0.26494212597167954 0
 0.48951645268655564 -0.7429064552227373 1
 -0.12503808714912434 -0.7999851384014054 1
 -0.8736196300746459 0.8617486472550022 1
 -0.05586266993437272 0.567829280040218 1
 0.762915543672297 0.39688153442064733 0
 -0.3729729151093448 -0.5386742804209272 0
 -0.43757629810073095 -0.9231565108532682 0
 -0.8161677213087695 0.7277209478066793 1
 -0.9977435845367593 -0.3047846849210234 1
 -0.6230254564056694 0.45651546498799367 1
 -0.21091750498128592 0.18776715448427073 0
 -0.866221629105123 0.4023327289196832 1
 -0.899579179148017 -0.3074638765966382 1
 0.028613036050219476 0.26843250463944957 0
 0.5221284969748656 -0.6692840682124972 1
 -0.2714014205842201 -0.11193198629932954 0
 -0.2590125178329874 0.32463024174237765 1
 0.7676827571665246 -0.4853135597221385 1
 0.3034854014082127 0.5241399490189471 0
 -0.2029006052202469 -0.3317012855483419 0
 0.5663404356787898 0.9304127189911238 0
 -0.194078542707814 0.28417347591563225 0
 -0.6587273412352437 0.3860608195328248 1
 -0.286375067269687 0.27133853520277307 1
 -0.3240231561664779 -0.7567679702342578 0
 0.20728418519374237 -0.9877996911065257 1
 -0.2847938203312852 -0.4736839801731052 0
 -0.27077983078974643 0.8209208287901868 1
 0.6503281058253505 -0.12649276163107648 1
 0.11662862866582713 -0.0729806529591317 0
 0.3926676341816797 0.3715425080610415 0
 -0.4470835539116569 -0.8380060083246619 0
 -0.20459410090361785 -0.7094889107934943 1
 -0.7888212920430746 0.20058732690431524 1
 7.553690709476424E-4 0.6807118911409156 1
 -0.7465484361886483 0.9446466987158051 1
 0.803585834885872 0.8111108434404399 0
 -0.3049207663457918 0.43636027972897184 1
 0.7996290189860067 0.5090302900805403 0
 0.051736874019163714 -0.45102444423031685 1
 0.5258415674120465 -0.39672032740938334 1
 0.6573536136568121 0.6269370840741022 0
 -0.19753885340971955 0.8780146004945772 1
 0.07438394162292217 -0.7662924531503619 1
 0.050741399057939285 0.21219118883004762 0
 -0.8864223257988753 0.21436391099800267 1
 -0.5126930704353281 0.9095580446144227 1
 0.6386033532967315 0.3913900176212608 0
 -0.21447997257036233 -0.3832906882617093 0
 -0.4484185843453301 -0.6140872009293641 0
 -0.9537936826852287 0.6817976802543071 1
 -0.8612120114368702 0.2929604080491228 1
 -0.2654617335801488 -0.6759136656203284 0
 0.3014921107688582 -0.761854273623525 1
 -0.3831708462423691 -0.4354040564422972 0
 -0.894906505664375 -0.7954914793113581 0
 0.6704426867906277 0.5106811649537746 0
 -0.44956989582879703 0.9420779085041115 1
 -0.5580224450904798 0.2924491740722741 1
 0.5043281747903796 0.2590433139097381 0
 0.39333811271625563 0.7165110986230752 0
 0.3221709741070071 0.5422519132025474 0
 -0.5977433514018293 -0.4673648755221289 0
 -0.1465349774708209 -0.03392244210664619 0
 -0.22671485668240732 -0.8985515747870685 1
 0.24208578774014766 0.5225352925206026 0
 -0.13277279493829108 0.20641250782392695 0
 0.21608847543479515 0.7418420595647559 1
 -0.22856440907461906 -0.22912419146590368 0
 0.4076720530405238 -0.22854523147800498 1
 0.31035175749609945 -0.6789154303003988 1
 -0.3479120751736935 -0.6570576676313027 0
 -0.864881890588084 -0.821388569901421 0
 0.18498818635255687 0.07987870481704329 0
 -0.3669523629948288 -0.42926042571974476 0
 -0.8090890085508411 -0.41372970378113405 0
 0.9621861145670814 0.11491775847321639 1
 -0.7486962142520732 -0.1961392341068986 1
 -0.35684146408378825 -0.5365194357973702 0
 -0.10131106236576226 0.23798303416050848 0
 0.8299414172475355 -0.7125946010222257 1
 0.7042781269255822 -0.17454271375378072 1
 0.6331579494093933 -0.7670433575376163 1
 -0.8904534979961645 -0.5456382277760528 0
 -0.31605470125397117 0.0026450654080778513 0
 -0.4420205153134127 -0.55566921063986 0
 0.5033960647205347 0.2920087770362916 0
 0.39140886778549433 -0.3426368760909657 1
 -0.81797013203565 -0.043699694317275384 1
 -0.5539420797357317 0.3329519848200315 1
 -0.6242964776287332 0.48624230191695483 1
 0.316618185222058 -0.7723248749716662 1
 -0.3111781082271201 0.6395928459021434 1
 0.852383735205867 -0.8117868842592593 1
 0.14266387200584751 -0.09466140627831754 0
 -0.39232783457618536 -0.10190931850563767 0
 -0.38390780854001094 -0.6300862937408054 0
 0.6894642171850012 0.2122647612795463 0
 -0.10213237425194888 0.509918529697069 1
 0.7283973002615203 -0.7699889399131967 1
 -0.6957575758747687 -0.5466077337855371 0
 -0.4550485702158926 -0.9446111676972488 0
 -0.3075399554182381 -0.6682297788179099 0
 0.49086900212876494 0.05589158284903162 0
 -0.8597578815978539 0.4872357022185372 1
 -0.5834469691237685 0.35372023750511983 1
 0.5632957245814743 -0.4947464163522435 1
 0.7483915608991736 -0.7295577107396831 1
 0.10732863273081472 -0.6903482646463526 1
 -0.7443407856279489 -0.5053702952682435 0
 0.27801171616497267 -0.1123059861412703 0
 0.7448498691802052 0.8533958609434866 0
 -0.5382179736025283 0.6051665608339953 1
 0.13999765565336753 -0.25742001851830243 0
 -0.2576675332881868 0.5265779587923614 1
 -0.8092539036889015 0.5066556475602273 1
 0.7320876754740868 0.6731509712429489 0
 0.3956295703601118 0.35826859969738334 0
 0.5149183048187176 -0.268637368040608 1
 0.6362328598753761 -0.21136401565432217 1
 -0.26420073537484523 0.36736685837082295 1
 -0.5114011288397697 -0.15613106291903422 0
 -0.6249291391563667 -0.9922875021509958 0
 -0.7885432244699642 0.1286071183938482 1
 0.8094142865600287 -0.28565296897438475 1
 0.006547249047432757 0.9471824769195538 1
 0.3886069184921499 0.6119752718807834 0
 -0.6954768558397084 -0.39614194826739224 0
 -0.05342521559383728 -0.7815800176625505 1
 -0.4493923146631895 0.5575148182242211 1
 -0.5827858631984935 0.9837091774177662 1
 -0.7526038809020061 -0.1375112012640871 1
 0.039905841310632795 -0.6388066365070366 1
 0.8578884013394394 0.12608766761262102 1
 0.5166004502002732 -0.18592512222460744 1
 0.5800451869183989 -0.9253547383961116 1
 -0.07819576037908749 0.3033073354843978 0
 0.9748606906591342 0.7437996478620954 0
 0.16875006445829022 -0.9920958026904376 1
 -0.03684833619651995 -0.7049910185823478 1
 -0.6005102209488875 0.2962712726875596 1
 0.8019619407378895 -0.4908520987566125 1
 -0.20640174146369383 0.29725754450133723 1
 -0.6903127520194876 -0.8806459404713332 0
 0.9796318400974366 -0.18780413097807447 1
 0.8297276015175614 0.31912387390480457 1
 -0.5145622239605507 0.7642839243596709 1
 0.20567682520684172 -0.9820157332512729 1
 -0.5221364221990703 0.8992334201524834 1
 -0.6132364878475485 0.7158946186670088 1
 0.4193690609874485 0.031194365274935132 0
 -0.8095412549986976 -0.7711376182193717 0
 -0.7915036231752426 -0.2294617718215486 1
 0.21987170289041758 0.9220831962133806 1
 -0.12689301250470297 -0.624837128837948 0
 0.9667543324595218 0.593244374024269 0
 0.9497470572522222 -0.8654395463885662 1
 0.7266421708419384 -0.30254008563251333 1
 -0.6905434086029887 -0.4740339630496213 0
 -0.8891402807568758 -0.7833689168541536 0
 -0.620209880653956 -0.7255147730222962 0
 0.6608226291676689 0.1498574937042696 1
 0.4647700510748236 0.40417470810225575 0
 0.3532720417021349 0.3378495486088984 0
 0.1789476507855643 -0.6153702362981144 1
 -0.369220660648478 -0.8668779667030493 0
 0.8886978278578184 0.5577098205951694 0
 -0.999937103994498 -0.7109228667068328 0
 0.49332973596536567 -0.828388856027086 1
 0.21136133901419463 0.36491279034045476 0
 0.880546019537251 0.5545751016948617 0
 0.565311262151811 -0.07037986753595127 1
 0.9552373799243552 -0.7719031096980662 1
 -0.01051985324594118 -0.10283686080833787 0
 0.26755315028694526 -0.9104210979352132 1
 0.18490850361304312 -0.5637400920895306 1
 -0.04435967544719199 -0.8130488316142053 1
 0.3637181952434845 -0.9279849767872721 1
 -0.0296024286324994 -0.9371421455595892 1
 -0.11795215180144747 0.8329789984731719 1
 -0.6359568445455901 -0.8364108238805279 0
 0.41827767173616537 0.5960397864984142 0
 -0.19875024611485648 -0.6119853854874058 0
